0,2,4,5,6,7,8,9,10,11,12,15,16,1,14,17,18,3,13
0,99,14900000.0,97,99,93,97,41,88,5,5,2400,102,3003,1,39,35,"[2, 10, 3]",31
1,99,,88,95,99,97,91,99,5,5,2644,130,8293,1,10,388,"[1, 8]",33
2,99,8700000.0,96,97,94,99,61,78,5,5,2458,119,12470,1,25,320,"[3, 13, 7, 0]",32
3,98,,99,94,94,99,45,85,5,5,2377,119,15390,1,15,495,"[3, 7, 10]",32
4,98,,93,93,95,94,93,98,4,5,2594,80,8936,1,20,203,"[1, 12]",33
5,98,1800000.0,86,94,99,96,87,88,4,5,2541,130,8293,1,10,388,"[1, 8]",33
6,98,7100000.0,98,95,93,98,70,86,5,5,2491,61,14711,1,25,320,"[0, 13, 8]",32
7,98,2300000.0,94,98,90,98,46,84,5,4,2371,119,5202,1,25,320,"[2, 10]",32
8,98,5200000.0,92,80,90,91,98,96,4,5,2513,98,15398,1,10,377,"[12, 1]",23
9,98,1900000.0,94,97,96,99,40,79,4,4,2356,117,9138,0,18,448,"[2, 13, 0]",31
10,98,2000000.0,93,98,97,99,40,77,4,4,2370,117,9138,0,18,448,"[0, 13]",31
11,98,1800000.0,95,96,93,96,60,76,5,4,2415,119,12470,1,25,320,"[8, 10, 2]",32
12,97,1900000.0,97,94,95,98,61,84,5,5,2462,117,1242,0,36,528,"[0, 13, 8, 2]",32
13,97,1600000.0,95,97,93,95,65,86,5,5,2460,117,7907,1,10,388,"[2, 10, 0, 3]",33
14,97,,93,62,77,86,98,96,2,5,2258,61,12824,1,10,389,[9],23
15,97,1800000.0,90,80,88,86,97,97,3,5,2486,80,1734,1,25,320,"[9, 5]",33
16,97,3400000.0,95,97,91,95,67,95,5,5,2498,61,12378,1,28,337,"[2, 13, 10, 0]",31
17,97,828000.0,93,86,98,97,88,96,4,5,2590,61,1307,1,10,389,"[1, 13]",33
18,97,3900000.0,97,92,95,99,73,80,5,5,2462,61,12107,0,15,201,"[8, 1, 10]",32
19,97,1600000.0,96,93,95,99,75,84,5,4,2516,102,2165,1,10,389,"[3, 13, 7, 0]",33
20,97,1300000.0,97,97,82,90,61,95,4,5,2361,100,4379,0,10,388,"[2, 10]",32
21,97,5900000.0,99,97,87,99,43,85,5,4,2342,61,8676,1,18,448,"[2, 10, 3]",31
22,97,157000.0,90,99,86,93,51,90,4,5,2378,101,13130,1,15,201,"[2, 10]",32
23,97,950000.0,99,97,82,94,55,95,4,5,2366,32,15332,1,28,414,"[2, 10]",32
24,97,1400000.0,90,90,94,98,93,94,4,5,2548,35,7899,1,20,93,"[1, 12, 7]",33
25,97,,90,87,96,93,92,90,5,5,2536,80,15073,1,15,495,"[12, 8, 10]",33
26,97,920000.0,99,97,82,94,55,95,4,5,2366,32,15332,1,28,414,"[2, 10]",32
27,97,928000.0,99,93,89,98,40,91,5,4,2316,102,12733,1,28,400,"[3, 7]",21
28,97,5300000.0,99,97,87,99,43,85,5,4,2342,61,8676,1,18,448,"[2, 10, 3]",31
29,97,998000.0,93,96,89,93,45,94,5,4,2356,61,8140,1,15,495,"[10, 2]",32
30,97,145000.0,87,87,99,99,86,84,4,5,2544,1,9506,1,15,495,[1],32
31,97,129000.0,90,99,86,93,51,90,4,5,2378,101,13130,1,15,201,"[2, 10]",32
32,97,516000.0,94,88,92,98,81,86,5,4,2442,80,6583,1,20,203,"[8, 1, 7]",32
33,97,1300000.0,90,90,94,98,93,94,4,5,2555,35,7899,1,20,93,"[1, 12, 7]",33
34,97,1200000.0,97,97,82,90,61,95,4,5,2361,100,4379,0,10,388,"[2, 10]",32
35,97,315000.0,84,92,99,95,85,87,4,5,2506,130,8293,1,10,388,"[1, 8]",33
36,97,8000000.0,97,96,82,96,45,82,5,5,2303,119,13331,1,25,320,"[2, 10]",32
37,97,2100000.0,86,92,96,95,81,88,5,5,2484,61,16043,1,25,320,"[8, 1]",33
38,97,599000.0,85,94,98,94,81,86,4,5,2497,130,8293,1,10,388,"[1, 8]",33
39,97,650000.0,92,97,90,94,45,90,4,5,2352,61,8140,1,15,495,"[10, 2]",32
40,97,5200000.0,99,96,88,98,44,87,5,4,2361,61,8676,1,18,448,"[2, 10, 3]",31
41,96,,96,97,91,97,49,80,5,5,2342,57,5928,1,10,582,"[3, 7, 8]",32
42,96,719000.0,94,45,86,86,96,96,3,5,2234,35,7195,1,10,377,"[9, 5]",23
43,96,,96,94,88,96,70,88,5,5,2459,102,3776,1,10,377,"[2, 10, 3]",33
44,96,,93,83,92,91,94,96,3,5,2473,61,1571,1,15,495,"[12, 1]",23
45,96,,99,90,90,98,71,90,5,4,2461,119,5137,1,10,56,"[7, 10, 3]",33
46,96,1400000.0,91,91,93,93,91,95,3,5,2533,80,8936,1,20,203,"[1, 12]",33
47,96,,94,91,97,94,90,89,4,5,2554,112,5678,1,28,326,"[1, 12, 8]",33
48,96,,92,96,89,94,65,89,5,4,2465,126,4000,1,15,636,"[2, 10]",33
49,96,,99,94,90,96,48,82,4,5,2355,80,14855,1,20,478,"[2, 10, 3]",32
50,96,877000.0,94,91,94,96,80,86,5,5,2502,102,7143,1,10,134,"[8, 1]",32
51,96,855000.0,91,87,97,93,93,95,4,5,2603,61,6005,0,10,582,"[1, 12]",23
52,96,,90,81,91,90,98,90,4,5,2460,61,11332,1,10,134,"[12, 1]",23
53,96,1300000.0,91,81,93,94,97,93,4,5,2510,98,5101,1,15,201,"[12, 9]",33
54,96,1000000.0,97,92,92,97,51,84,5,5,2387,4,13690,1,25,320,"[3, 7]",31
55,96,1300000.0,97,92,92,97,51,84,5,5,2387,4,13690,1,25,320,"[0, 13]",31
56,96,263000.0,91,88,97,95,91,93,5,4,2564,98,10729,1,15,63,"[1, 8]",32
57,96,336000.0,98,95,86,92,65,94,4,5,2434,80,1384,1,15,495,"[2, 10]",33
58,96,549000.0,98,95,88,98,51,78,5,4,2357,98,13207,0,25,320,"[0, 13]",32
59,96,347000.0,93,96,98,94,75,89,4,5,2519,98,13207,0,25,320,"[8, 10]",32
60,96,655000.0,98,91,92,98,52,82,5,5,2354,76,8382,1,28,414,"[3, 7, 8]",22
61,96,490000.0,98,91,92,98,52,82,5,5,2354,76,8382,1,28,414,"[3, 7, 8]",22
62,96,1300000.0,95,93,92,99,44,71,5,5,2326,119,11499,1,18,448,"[3, 7, 8]",32
63,96,839000.0,94,98,86,94,38,84,5,4,2300,102,3003,1,39,35,"[2, 10]",31
64,96,98500.0,86,80,98,92,92,90,4,4,2490,80,7774,1,20,203,"[12, 5, 1]",33
65,96,650000.0,90,68,80,83,95,96,2,4,2296,98,10506,1,20,203,[9],23
66,96,478000.0,96,95,90,97,54,83,5,3,2370,12,11095,0,10,377,"[0, 13]",32
67,96,246000.0,88,48,83,83,97,97,2,4,2196,102,13387,1,10,388,[9],23
68,96,860000.0,96,96,80,88,60,94,4,4,2324,100,4379,0,10,388,"[2, 10]",32
69,96,510000.0,90,95,85,97,60,95,1,3,936,130,14702,0,15,495,[6],22
70,96,1100000.0,88,65,80,83,97,94,2,3,2301,98,15398,1,10,377,[9],23
71,96,140000.0,85,86,97,97,85,83,4,4,2503,1,9506,1,15,495,[1],22
72,96,1700000.0,96,94,92,95,58,75,5,4,2378,119,12470,1,25,320,"[10, 8, 2]",32
73,96,839000.0,85,92,96,95,75,86,5,5,2451,61,16043,1,25,320,"[8, 1]",22
74,96,3100000.0,97,95,81,95,45,76,5,5,2252,119,13331,1,25,320,"[2, 10]",22
75,95,,95,96,88,94,73,97,4,5,2518,71,14811,1,10,305,"[2, 1, 8, 10]",32
76,95,184000.0,93,86,94,99,93,91,4,5,2587,153,6253,0,28,400,"[1, 12]",33
77,95,,98,90,90,95,58,80,5,5,2316,35,13482,1,44,247,"[0, 13, 7, 3]",32
78,95,5400000.0,91,60,75,84,96,94,2,4,2205,61,12824,1,10,389,[9],23
79,95,,97,92,91,96,70,87,4,5,2437,35,12763,1,10,134,"[0, 13]",32
80,95,,92,94,85,94,40,89,4,5,2268,116,3927,0,28,337,"[2, 10]",32
81,95,,91,88,93,94,90,95,3,5,2553,117,4282,1,10,134,"[1, 12]",33
82,95,,99,80,92,94,88,88,5,5,2457,131,907,0,20,203,"[11, 4, 7]",33
83,95,,93,95,94,96,60,84,5,4,2423,90,5379,1,25,320,"[8, 7, 3]",32
84,95,459000.0,96,81,93,93,91,96,5,4,2473,80,9535,1,20,478,"[11, 4]",23
85,95,127000.0,94,96,84,95,66,94,5,4,2416,35,5788,1,10,389,"[2, 10]",32
86,95,300000.0,95,96,90,95,44,84,5,4,2325,102,9459,1,25,320,"[2, 10]",31
87,95,390000.0,93,87,96,94,94,89,4,5,2563,102,9459,1,25,320,"[1, 12, 7]",23
88,95,305000.0,88,85,96,92,94,96,4,5,2549,98,2786,1,25,320,"[12, 1]",23
89,95,192000.0,93,90,95,97,77,84,5,3,2470,61,4234,0,25,320,"[8, 13, 0]",33
90,95,341000.0,86,80,87,86,96,97,3,5,2448,61,4234,0,25,320,"[9, 5]",33
91,95,899000.0,95,97,91,95,45,77,5,5,2321,153,13084,0,10,388,"[2, 10]",32
92,95,162000.0,93,96,88,92,71,94,5,4,2443,98,5036,1,25,320,"[2, 8, 10]",32
93,95,418000.0,91,87,96,95,93,94,4,5,2575,119,14269,1,25,320,"[1, 12]",33
94,95,,95,92,94,93,75,96,5,4,2507,61,3521,1,20,203,"[8, 1, 10]",32
95,95,,95,83,92,93,90,88,4,4,2501,109,7560,0,15,201,"[11, 4]",33
96,95,185000.0,99,90,92,98,58,81,5,4,2382,102,7800,1,40,126,"[0, 13, 7, 3]",32
97,95,,87,87,93,95,94,91,4,4,2490,109,14042,1,15,201,"[12, 1]",23
98,95,1400000.0,97,91,93,97,77,81,5,5,2448,61,2746,1,20,478,"[10, 8, 2]",32